image_width: 640
image_height: 480
camera_name: depth_PS1080_PrimeSense
camera_matrix:
  rows: 3
  cols: 3
  data: [ 5.2614078022814840e+02, 0., 3.1193631284422219e+02, 0.,
       5.2559326104188085e+02, 2.3883824945413707e+02, 0., 0., 1. ]
distortion_model: plumb_bob
distortion_coefficients:
  rows: 1
  cols: 5
  data: [ 2.7752300967569889e-02, -1.3770606026614504e-01, 0., 0., 0. ]
rectification_matrix:
  rows: 3
  cols: 3
  data: [ 9.9995527012917440e-01, 4.7708660739905753e-03,
       -8.1667972788504548e-03, -4.7875629398432254e-03,
       9.9998648687945479e-01, -2.0261538892360500e-03,
       8.1570204110835050e-03, 2.0651623156237404e-03,
       9.9996459843467611e-01 ]
projection_matrix:
  rows: 3
  cols: 4
  data: [ 5.0036342725256270e+02, 0., 3.1679162597656250e+02,
       -1.3159175175256623e+01, 0., 5.0036342725256270e+02,
       2.4114010047912598e+02, 0., 0., 0., 1., 0. ]
